prepend
09 08 10 00 00 06 05 00 BB 0D CC 07 41 00 00 00 06 00 00 00

apend
42 00 02 00 E4 04

apend
3D 00 12 00 00 00 00 00 5C 35 ED 30 38 00 00 00 00 00 01 00 58 02

apend
8D 00 02 00 00 00

apend
22 00 02 00 00 00

apend
31 00 15 00 C8 00 00 00 FF 7F 90 01 00 00 00 00 00 00 05 00 41 72 69 61 6C

apend
31 00 15 00 C8 00 00 00 FF 7F 90 01 00 00 00 00 00 00 05 00 41 72 69 61 6C

apend
31 00 15 00 C8 00 00 00 FF 7F 90 01 00 00 00 00 00 00 05 00 41 72 69 61 6C

apend
31 00 15 00 C8 00 00 00 FF 7F 90 01 00 00 00 00 00 00 05 00 41 72 69 61 6C

apend
31 00 16 00 A0 00 00 00 FF 7F 90 01 00 00 00 00 00 00 06 00 54 61 68 6F 6D 61

apend
31 00 15 00 C8 00 00 00 0C 00 90 01 00 00 01 00 00 00 05 00 41 72 69 61 6C

apend
E0 00 14 00 00 00 00 00 F5 FF 20 00 00 00 00 00 00 00 00 00 00 00 C0 20

apend
E0 00 14 00 00 00 00 00 F5 FF 20 00 00 F4 00 00 00 00 00 00 00 00 C0 20

apend
E0 00 14 00 00 00 00 00 F5 FF 20 00 00 F4 00 00 00 00 00 00 00 00 C0 20

apend
E0 00 14 00 00 00 00 00 F5 FF 20 00 00 F4 00 00 00 00 00 00 00 00 C0 20

apend
E0 00 14 00 00 00 00 00 F5 FF 20 00 00 F4 00 00 00 00 00 00 00 00 C0 20

apend
E0 00 14 00 00 00 00 00 F5 FF 20 00 00 F4 00 00 00 00 00 00 00 00 C0 20

apend
E0 00 14 00 00 00 00 00 F5 FF 20 00 00 F4 00 00 00 00 00 00 00 00 C0 20

apend
E0 00 14 00 00 00 00 00 F5 FF 20 00 00 F4 00 00 00 00 00 00 00 00 C0 20

apend
E0 00 14 00 00 00 00 00 F5 FF 20 00 00 F4 00 00 00 00 00 00 00 00 C0 20

apend
E0 00 14 00 00 00 00 00 F5 FF 20 00 00 F4 00 00 00 00 00 00 00 00 C0 20

apend
E0 00 14 00 00 00 00 00 F5 FF 20 00 00 F4 00 00 00 00 00 00 00 00 C0 20

apend
E0 00 14 00 00 00 00 00 F5 FF 20 00 00 F4 00 00 00 00 00 00 00 00 C0 20

apend
E0 00 14 00 00 00 00 00 F5 FF 20 00 00 F4 00 00 00 00 00 00 00 00 C0 20

apend
E0 00 14 00 00 00 00 00 F5 FF 20 00 00 F4 00 00 00 00 00 00 00 00 C0 20

apend
E0 00 14 00 00 00 00 00 F5 FF 20 00 00 F4 00 00 00 00 00 00 00 00 C0 20

apend
E0 00 14 00 00 00 00 00 01 00 20 00 00 00 00 00 00 00 00 00 00 00 C0 20

apend
E0 00 14 00 00 00 2B 00 F5 FF 20 00 00 F8 00 00 00 00 00 00 00 00 C0 20

apend
E0 00 14 00 00 00 29 00 F5 FF 20 00 00 F8 00 00 00 00 00 00 00 00 C0 20

apend
E0 00 14 00 00 00 2C 00 F5 FF 20 00 00 F8 00 00 00 00 00 00 00 00 C0 20

apend
E0 00 14 00 00 00 2A 00 F5 FF 20 00 00 F8 00 00 00 00 00 00 00 00 C0 20

apend
E0 00 14 00 00 00 09 00 F5 FF 20 00 00 F8 00 00 00 00 00 00 00 00 C0 20

apend
E0 00 14 00 06 00 00 00 01 00 20 00 00 08 00 00 00 00 00 00 00 00 C0 20

apend
93 02 04 00 10 80 03 FF

apend
93 02 04 00 11 80 06 FF

apend
93 02 04 00 12 80 04 FF

apend
93 02 04 00 13 80 07 FF

apend
93 02 04 00 00 80 00 FF

apend
93 02 04 00 14 80 05 FF

apend
92 00 E2 00 38 00 00 00 00 00 FF FF FF 00 FF 00 00 00 00 FF 00 00 00 00 FF 00 FF FF 00 00 FF 00 FF 00 00 FF FF 00 80 00 00 00 00 80 00 00 00 00 80 00 80 80 00 00 80 00 80 00 00 80 80 00 C0 C0 C0 00 80 80 80 00 99 99 FF 00 99 33 66 00 FF FF CC 00 CC FF FF 00 66 00 66 00 FF 80 80 00 00 66 CC 00 CC CC FF 00 00 00 80 00 FF 00 FF 00 FF FF 00 00 00 FF FF 00 80 00 80 00 80 00 00 00 00 80 80 00 00 00 FF 00 00 CC FF 00 CC FF FF 00 CC FF CC 00 FF FF 99 00 99 CC FF 00 FF 99 CC 00 CC 99 FF 00 FF CC 99 00 33 66 FF 00 33 CC CC 00 99 CC 00 00 FF CC 00 00 FF 99 00 00 FF 66 00 00 66 66 99 00 96 96 96 00 00 33 66 00 33 99 66 00 00 33 00 00 33 33 00 00 99 33 00 00 99 33 66 00 33 33 99 00 33 33 33 00

prepend
00 02 0E 00 01 00 00 00 02 00 00 00 00 00 00 00 00 00

prepend
55 00 02 00 08 00

prepend
A1 00 22 00 00 00 64 00 01 00 00 00 00 00 02 00 58 02 58 02 00 00 00 00 00 00 E0 3F 00 00 00 00 00 00 E0 3F 01 00

prepend
29 00 08 00 00 00 00 00 00 00 F0 3F

prepend
28 00 08 00 00 00 00 00 00 00 F0 3F

prepend
27 00 08 00 00 00 00 00 00 00 E8 3F

prepend
26 00 08 00 00 00 00 00 00 00 E8 3F

prepend
84 00 02 00 00 00

prepend
83 00 02 00 00 00

prepend
15 00 03 00 00 00 00

prepend
14 00 03 00 00 00 00

prepend
81 00 02 00 C1 04

prepend
25 02 04 00 00 00 FF 00

prepend
80 00 08 00 00 00 00 00 00 00 00 00

prepend
82 00 02 00 00 00

prepend
2B 00 02 00 01 00

prepend
2A 00 02 00 00 00

worksheet tempfile append
08 02 10 00 01 00 00 00 00 00 2C 01 00 00 00 00 40 01 0F 00

worksheet tempfile append
D7 00 06 00 14 00 00 00 00 00

worksheet tempfile append
3E 02 12 00 B6 07 00 00 00 00 40 00 00 00 00 00 00 00 00 00 00 00

worksheet tempfile append
1D 00 0F 00 03 00 00 00 00 00 00 01 00 00 00 00 00 00 00

worksheet tempfile append
0A 00 00 00

prepend
0B 02 14 00 00 00 00 00 01 00 00 00 02 00 00 00 00 00 00 00 1D 05 00 00

prepend
09 08 10 00 00 06 10 00 BB 0D CC 07 41 00 00 00 06 00 00 00

apend
85 00 0E 00 29 04 00 00 00 00 06 00 53 68 65 65 74 31

apend
8C 00 04 00 01 00 01 00

apend
FC 00 08 00 00 00 00 00 00 00 00 00

apend
FF 00 02 00 08 00

apend
0A 00 00 00

